4753243 SSD   500  1
2319902 SSD   128  0
4334421 DVD   9    1
1038796 HHD   128  0
1064287 Flash 8    1
2357623 MSD   8    0
1083468 DVD   5    0
1268684 Flash 16   1
1319613 SSD   128  0
7942311 HHD   1024 1
4753245 SSD   250  1
9234512 MSD   128  1
1622916 Flash 4    1
3874893 DVD   12   0
5724376 Flash 128  1
1236351 SSD   120  1
5790269 HHD   2048 1
6823032 MSD   256  1
8622316 Flash 512  1
1239126 Flash 4    1
3258910 HHD   228  0
1523652 HHD   256  1
4362890 Flash 2    1
4289823 SSD   1024 1
3277834 HHD   1024 1
3267478 DVD   9    0
4792321 MSD   32   1
7211821 SSD   512  1